1169000
2450000
750000
1195000
822000
990000
1475000
1030000
1185000
1150000
4850000
875000
1440000
735000
2000000
1860000
760000
1025000
895000
985000
4165000
940000
822000
2685058
530000
840000
1795000
755000
1820000
965000
800000
755000
595000
520000
550000
665000
450000
620000
230000
485000
375500
495000
465000
525000
655000
370000
1175000
3515000
770000
2350000
1230000
2065000
959000
1260000
635000
2025000
570000
725000
765000
1030000
3175000
420000
850000
750000
385000
315000
430000
1365000
1190000
1100000
1320000
1275000
1460000
1875000
2199000
3690000
1728000
1640000
1410000
1275000
2245000
1040000
1475000
855000
2225900
750000
529000
485000
3400000
830000
1275000
1050000
1310000
360000
750000
737500
1600000
1330000
1599900
1475000
545000
2355000
1774950
1215000
1099000
880000
1400000
1165000
1550000
710000
965000
1938750
2950000
1375000
1170000
2450000
695000
825000
999000
1820000
1295000
1890000
1750000
3450000
4650000
2025000
3160000
3175000
590000
3950000
930000
1680000
2975000
785000
1200000
1095000
2350000
865000
875000
1600000
1050000
950000
955000
950000
710000
980000
695000
1050000
1075000
1395000
300000
1150000
700000
1225000
1850000
1375000
1370000
1490000
1750000
1870000
990000
1050000
780000
520000
1570000
1180000
915000
1625000
6325000
720000
1125000
1350000
1360000
1558000
635000
2825000
1735850
1245000
1635000
1045000
2425000
750000
410000
1418000
1425000
1690000
640000
1470000
1240000
930000
1085000
1165000
819999
2375000
530000
845000
625000
1099000
2325000
1468000
2370000
980000
985000
995000
3024900
1040000
875000
745000
1175000
630000
585000
220000
975000
290000
575000
1475000
3980000
1370000
1575000
2160000
3175000
1600000
3575000
1490000
1259000
2099750
555000
1865900
1789850
1830000
1150000
1050000
1888900
3850000
1110900
525750
1480000
1460000
915000
1379000
1710000
645000
1350000
1210000
1597000
645000
1437000
970000
1145000
1175000
2550000
2460000
1200000
620000
1290000
1160000
1485000
1495000
1540000
1515000
1850000
559000
1195000
1218000
2079900
819000
1320000
6300000
1185000
1570000
1117000
2075000
1550000
3599900
2125000
1099900
2200000
2845000
855000
2260000
955000
3065000
1385000
1075000
1925000
7500000
320000
590000
4115000
1245000
5680000
1649000
2500000
1185000
1685000
1775000
1410000
4250000
875000
939900
1683000
1280000
1160000
2050000
1265000
940000
450000
1400000
2000000
1075000
445000
1149000
1399900
1500000
1139000
2599023
1200000
1079000
3275000
870000
1180000
790000
1580000
650000
1299000
1515000
5749000
970000
435000
1100000
3435000
350000
600000
840000
4275000
2050000
545000
3800000
550000
1205000
700000
2745000
2875000
2675000
1865000
1895000
1150000
1025000
710000
1150000
1319000
845000
1375000
1298850
2475000
1660000
1375000
439000
1365000
444000
1394500
1675000
1300000
487000
3750000
945000
1050000
1165000
1350000
1450000
1149000
1370000
1495000
1269000
485000
1645000
3175000
1650000
465000
2850000
2475000
989000
1079000
450000
1400000
1399000
3470000
1045000
4920000
1042500
525000
1400000
1450000
1250000
525000
710000
695000
510000
550000
755000
705000
285000
750000
3650000
500000
190000
710000
700000
700000
690000
255000
575000
500000
605000
455000
335000
480000
1415500
1145000
975000
1385000
3100000
1925000
1870000
660000
1175000
749000
855000
1475000
6200000
254000
2290000
1170000
1180000
2625000
1600000
1159000
975000
2080000
1439500
1360000
1295000
400000
765000
770000
1075000
1270000
1475000
1245000
400000
3400000
2500000
1360000
820000
1250000
1950000
1450000
1955750
370000
1100000
1265000
605000
845000
860000
1550000
327500
710000
975000
280000
430000
755000
1100000
1100000
1250000
1350000
1450000
1750000
1600000
1600000
2325000
700000
1255000
1140000
3250000
2475000
2199000
2245000
1465000
3000000
3645000
1085000
1695000
1725000
2475000
2245000
1100000
3219900
849000
1800000
1307000
1649000
1250000
1540000
3260000
300000
629000
1377750
5050000
704900
1135000
620000
499000
3825000
1649750
1875000
6200900
1190000
1890000
1025000
325000
950000
1450000
730000
1730000
1345000
1420000
1190000
935000
1040000
1315000
1350000
1470000
1550000
799800
829950
820000
1310000
1200000
725000
1550000
3890000
1095000
560000
895000
1340000
2289750
425000
3650000
1150000
2270000
3475000
1760000
1050000
1535000
1500000
1125000
535000
785000
525000
205000
1350000
630000
1950000
890750
450000
850000
930000
1200000
1340000
1449000
1310000
746500
3949000
1180000
985000
950000
1385000
3249000
1385000
498500
3279000
765000
355000
9292000
3889000
1250000
540000
365000
590000
455000
635000
945000
1250000
1250000
1090000
1480000
6000000
1250000
1149000
8000000
6250000
1590000
2375000
1420000
1117000
1690000
1275900
790000
1055000
889000
530000
780000
1530000
1375000
1099000
1105000
5145000
4315000
1050000
1225000
674999
3750000
2287750
1650000
1235000
2700000
850000
855000
910000
3169000
1375000
580000
2235000
1775000
3390000
1325000
5850000
1215000
1768000
1650000
1055000
1050000
1300000
1200000
1330000
1230000
1100000
1225000
1650000
1485000
1149000
1600000
835000
2175000
1189750
1799000
865000
1500000
3100000
865000
2560000
840000
1083000
885000
539000
1575000
1418000
960000
3150000
1075000
1190000
2139000
2895900
1490000
2550000
1300000
2420000
3890000
1845000
1100000
1285000
650000
3575000
375000
970000
495000
2275000
558500
625000
3340000
1185000
1475000
1048000
1249900
744900
875000
1797500
1310000
2385000
1290000
1200000
1245000
999000
2259900
650000
820000
880000
3235000
198000
445000
590000
275000
875000
755000
595000
580000
185000
595000
225000
278000
505000
200000
400000
335000
767000
390000
795000
180000
285000
710000
597750
240000
740000
160000
605000
235000
575000
825000
379000
685000
650000
555000
950000
755000
614999
275000
315000
750000
302000
465000
665000
805000
479000
435000
290000
849000
689000
635000
340000
507000
655000
155000
658850
398000
794500
850000
799999
559000
435000
499000
305000
560000
735000
625000
215000
765000
345000
685000
420000
230000
420000
420000
240000
609000
897500
259000
390000
405000
485000
180000
325000
755000
625000
183000
300000
483000
389000
345000
151000
210000
475000
180000
880000
735000
340000
457500
349000
275000
465000
195000
560000
399000
505750
682000
650000
155000
310000
250000
1039900
743000
410000
249000
215000
670000
685000
320000
305000
140000
470000
195000
235000
369000
740000
215000
655000
649000
465000
749000
750000
450000
530000
600000
620000
340000
480000
190000
495000
455555
185000
774950
315000
159000
158888
825000
699000
670000
395000
520000
625000
585000
100000
180000
550000
290000
662000
700000
765000
717000
94000
590000
340000
550000
762500
170000
160000
325000
560000
675000
195000
290000
375000
205000
355000
530000
605000
482500
727000
598000
280000
965000
210000
475000
425000
220000
750000
315000
540000
187500
337500
275000
730000
275000
175000
209000
690000
655000
945000
500000
245000
190000
735000
205000
538000
715000
160000
270000
160000
150000
685000
425000
199000
770000
465000
230000
715000
579950
245000
578000
210000
195000
320000
400000
215000
207000
695000
230000
759000
745000
690000
659950
305000
210000
625000
175000
357000
225000
210000
445000
400000
270000
690000
220000
600000
280000
765000
224000
172500
365000
440000
427500
320000
599000
380000
775000
160000
520000
455000
760000
775000
790000
849000
200000
389000
190000
490000
330000
664000
525000
739000
225000
239000
177000
255000
490000
710000
335000
360000
255000
355000
175000
205000
380000
495000
245000
195000
348000
475000
200000
270000
325000
700000
230000
167000
365000
725000
720000
150000
190000
450000
510000
250000
530000
215000
330000
395000
670000
285000
400000
660000
450000
725000
245000
634900
485000
710000
305000
450000
147500
285000
635000
410000
315000
595000
260000
250000
445000
610000
280000
555000
250000
250000
660000
410000
240000
599999
185000
410000
235000
610000
540000
610000
185000
187000
280000
605000
380000
135000
315000
520000
238500
450000
235000
470000
257000
285000
430000
520000
330000
560000
380000
195000
330000
475000
460000
735000
415000
280000
163000
440000
675000
230000
200000
220000
370000
187000
325000
420000
675000
435000
540000
245000
183000
185000
430000
275000
485000
270000
285000
275500
500000
265000
515000
300000
545000
285000
300000
435000
630000
330000
720000
225000
225000
235000
230000
370000
365000
280000
410000
218000
375000
175000
370000
320000
710000
465000
380000
370000
570000
725000
190000
740000
197000
175000
280000
275000
749000
650000
385000
560000
445000
220000
495000
210000
220000
305000
335000
170000
575000
385000
167000
750000
680000
560000
320000
255000
220000
355000
195000
338000
650000
185000
235000
375000
275000
420000
189000
165000
210000
711000
230000
377000
274500
250000
566666
325000
185000
282000
495000
260000
250000
300000
195000
750000
360000
725000
690000
307000
575000
180000
125000
210000
155000
135000
330000
155000
715000
210000
275000
710000
140000
290000
650000
200000
875000
190000
675000
195000
770000
765000
385000
550000
845000
830000
1199000
635000
1095000
320000
1200000
750000
155000
154000
555000
292900
810000
417750
259500
865000
200000
425000
757000
579000
522000
415000
475000
897000
440000
610000
685000
605000
555000
1135000
1095000
450000
1120000
455000
868000
375000
1550000
1150000
325000
425000
540000
685000
925000
400000
320000
449000
1050000
525000
429000
470000
195000
1249000
750000
229500
585000
365000
1335000
685000
630000
1100000
399000
420000
515000
1125000
435000
750000
475000
398000
400000
755000
1030000
409000
969000
133900
325000
429950
468000
850000
485000
379000
567500
580000
325000
620000
439000
99000
1095000
1358750
405000
475000
410000
189999
400000
235000
420000
1125000
1499000
412000
215000
495000
420000
560000
495000
905000
585000
575000
645000
600000
345000
435000
390000
460000
400000
670000
585000
400000
550000
155000
485000
175000
520000
410000
320000
560000
560000
150000
310000
348000
238000
560000
330000
475000
415000
430000
148500
450000
719000
270000
180000
400000
495000
670000
315000
435000
625000
155000
280000
430000
570000
610000
500000
470000
615000
550000
450000
645000
430000
537000
580000
450000
735000
465000
355000
550000
405000
130000
210000
420000
745000
683000
272000
480000
545000
130000
475000
445000
450000
430000
450000
360000
565000
475000
329000
185000
215000
359000
485000
430000
690000
420000
365000
570000
849000
220000
589000
275000
755000
335500
150000
355000
548760
589000
120000
365000
400000
615000
385000
500000
390000
380000
520000
219000
650000
680000
300000
408900
398000
230000
310000
265000
575000
530000
219500
180000
690000
390000
215000
510000
490000
705000
405000
549000
739000
550000
335000
350000
340000
450000
125000
550004
385000
490000
750000
340000
525000
550000
65000
515000
395000
440000
490000
750000
383500
170000
385000
550000
620000
290000
330000
372000
475000
710000
390000
465000
460000
210000
210000
300000
395000
395000
670000
450000
670000
565000
580000
365000
190000
242000
145000
450000
460000
450000
330000
455000
665000
295000
544000
485000
385000
350000
650000
397000
400000
480000
349000
675000
220000
500000
400000
365000
650000
572000
600000
255000
500000
385000
549000
135000
640000
510000
557500
624000
550000
540000
740000
360000
665000
405000
650000
450000
699000
720000
565000
530000
165000
685000
645000
390000
700000
575000
620000
770000
955000
469000
375000
218000
464500
950000
239000
665000
1155000
315000
539000
229750
750000
465000
780000
945000
675000
399000
515000
1640000
790000
790000
1200000
670000
215000
720000
1190000
805000
442500
175000
330000
300000
220000
520000
710000
311000
465000
749000
280000
415000
650000
190000
387000
340000
240000
470000
587000
350000
469000
325000
765000
480000
655000
320000
560000
885000
630000
862000
475000
590000
550000
485000
695000
1145000
455000
730000
285000
1250000
897000
178000
960000
420000
955000
669000
945000
365000
587500
244999
440000
415000
680000
475000
478000
380000
375000
785000
360000
495950
375000
515000
1059000
690000
335000
435000
915000
655900
440000
345000
715000
210000
690000
305000
865000
760000
310000
860000
650000
629000
985000
335000
725000
335000
340000
275000
210000
915000
760000
920000
450000
365000
250000
730000
365000
205000
535000
950000
665000
590000
285000
340000
357600
485000
318000
265000
259999
730000
160000
355000
568000
745000
615000
350000
550000
640000
245000
345000
405000
565000
375000
625000
220000
540000
352000
500000
275000
295000
605000
470000
405000
269000
335000
380000
270000
460000
410000
260000
650000
250000
327000
748000
354000
332000
525000
395000
465000
625000
525000
660000
410000
215000
535000
750000
635000
268500
230000
285000
195000
570000
285000
540000
340000
375000
185000
370000
735000
690000
529000
480000
348000
675000
315000
245000
675000
320000
625000
425000
399999
275000
680000
338000
360000
270000
475500
330000
544000
445000
310000
375000
350000
415000
280000
360000
305000
210000
410000
585000
395000
450000
480000
290000
305555
460000
230000
400000
585000
610000
350000
415000
495000
310000
130000
330000
655000
355000
189000
335000
720000
525000
440000
410000
240000
430000
285000
225500
335000
705000
475000
360000
460000
565000
575000
560000
380000
730000
700000
710000
417000
445000
675258
265000
365000
499000
199000
715000
420000
475000
355000
670000
395000
725000
315000
290000
270000
596500
740000
219999
315000
570000
520000
405000
356000
529000
550000
218000
399000
700000
270000
381000
380000
210000
568900
520000
430000
685000
660000
715000
945000
742500
580000
235000
519000
1090000
765000
315000
335000
305000
485000
595000
390000
235000
915000
721500
375000
590000
435000
180000
495000
347000
425000
495000
370000
595001
339000
550000
380000
510000
265000
415000
555000
235000
230000
376000
215000
535000
370000
435000
245000
525000
410000
615000
330000
495000
650000
530000
580000
395000
810000
260000
465000
1200000
380000
820000
375000
825000
595000
445000
325000
270000
555000
850000
450000
500000
795000
220000
575000
410000
210000
525000
575000
759500
339500
455000
399000
295000
495000
388000
470000
320000
555000
880000
645000
430000
225000
340000
925000
930000
335000
425000
945000
320000
975000
485000
420000
410000
539000
995000
600000
879000
405000
325000
290500
480000
537000
405000
1095000
217500
545000
1259000
225000
558000
169500
610000
665000
1075000
599500
418000
359000
495000
1225000
450000
330000
240000
615000
700000
649900
625053
424000
762500
1050000
399500
435000
279000
279000
865000
569000
587000
300000
545000
355000
247500
750000
555000
475000
415000
280000
420000
440000
460000
765000
585000
659000
245000
625000
759000
980000
250000
1295000
606000
399000
370000
635000
570000
695000
349000
1079750
460000
185000
539650
720000
249950
990000
210000
250000
390000
235000
390000
358000
580000
620000
465000
880000
565000
630000
335000
740000
190000
139500
394500
585000
595000
299500
235000
275000
369000
635000
400000
630000
225000
498000
359000
600000
560000
212500
1195000
380000
480000
510000
635000
310000
217500
637000
635000
395000
145000
475000
618500
750000
475000
760000
575000
325000
370000
460000
275000
495000
479000
365000
619000
609000
620000
430000
370000
405000
497500
799500
565000
310000
260000
498000
425000
230000
375000
375000
365000
250000
730000
180000
365000
700000
287500
285000
505000
690000
400000
710000
300000
280000
300000
640000
285000
500000
625000
275000
480000
122000
400000
289000
455000
260000
615000
410000
670000
355000
530000
310000
580000
418000
410000
510000
250000
290000
300000
240000
455000
350000
530000
425000
470000
530000
435000
680000
655000
240000
265000
500000
390000
220000
220000
395000
410000
330000
735000
430000
560000
575000
280000
325000
357500
300000
540000
515000
210000
305000
495000
380000
255000
670000
550000
740000
420000
205000
570000
455000
410000
550000
370000
165000
529000
285000
660000
725000
300000
195000
440000
510000
380000
560000
350000
660000
570000
350000
390000
650000
325000
560000
300000
550000
365000
275000
1299000
745000
610000
550000
320000
375000
685000
475000
565000
510000
225000
300000
580000
420000
358000
310000
480000
399999
785000
430000
470000
425000
155000
415000
356000
289000
235000
605000
675000
440000
290000
595000
90000
240000
350000
390000
380000
372000
310000
565000
475000
219500
250000
360000
560000
355000
360000
225000
550000
385000
330000
680000
510000
650000
450000
325000
620000
735000
290000
430000
360000
410000
365000
470000
260000
155000
425000
350000
460000
685000
615000
693500
400000
450000
375000
370000
400000
245000
380000
440000
295000
320000
660000
675000
270000
470000
299750
425000
375000
355000
445000
215000
520000
325000
750000
420000
335000
390000
450000
300000
390000
475000
483000
390000
269000
709000
585000
625000
599000
480000
310000
625000
235000
619500
420000
380000
420000
360000
192000
720000
380000
455555
485000
430000
605000
510000
310000
570000
300000
210000
745000
480000
420000
620000
455000
384000
420000
700000
205000
410000
575000
560000
375000
360000
357000
395000
300000
380000
340000
377000
655000
170000
335000
440000
235000
310000
675000
765000
340000
750000
685000
765000
330000
750000
685000
375000
330000
550000
715500
440000
685000
714500
780000
515000
208000
915000
265000
285000
585000
745000
460000
290000
538000
803000
249000
850000
600000
425000
529000
397000
365000
390000
700000
190000
290000
175000
225000
250000
715000
680000
234999
360000
275000
400000
550000
999999
680000
595000
300000
630000
395000
349000
230000
350000
500000
595000
329000
770000
1000000
350000
258550
335000
765000
675000
855000
830000
450000
477500
490000
910000
900000
425000
760000
420000
420000
520000
560000
470000
650000
490000
1020000
410000
345000
375000
300000
250000
419000
585000
460000
529000
395000
755000
630000
425000
665000
600000
460000
820000
420000
470000
355000
830000
600000
378000
1089000
340000
570000
840000
750000
390000
575000
235000
500000
619900
535000
429000
189750
425000
488900
579500
615500
359000
280000
510000
675000
515000
225000
520000
660000
600000
375000
350000
900000
325000
295000
345000
475000
320000
529000
630000
405000
360000
420000
420000
290000
700000
715000
605000
480000
395000
290000
400000
420000
430000
340000
349000
225000
350000
545000
357000
260000
300000
280000
260000
450000
685000
180000
330000
360000
210000
670000
680000
427500
497500
270000
645000
405000
300000
245000
680000
350000
205000
745000
279999
387750
310000
240000
590000
298500
619000
640000
280000
360000
325000
560000
220000
360000
305000
287500
585000
275000
300000
475000
415000
485000
745000
400000
495000
340000
550000
300000
585000
450000
628000
250000
540000
420000
495000
345000
200000
620000
590000
280000
280000
250000
200000
260000
379000
575000
385500
350000
535000
510000
422500
350000
430000
259000
695000
624000
735000
170000
515000
499999
1419000
910000
325000
1050000
700000
365500
345000
489075
415000
325000
699000
340000
340000
459000
530000
600000
488000
380000
390000
435000
350000
800000
454900
395000
570000
325000
399900
465000
380000
330000
430000
298500
555000
350000
210000
290000
287500
400000
444000
390000
327500
310000
1060000
248000
320000
375000
625000
220000
465000
230000
575000
410000
256000
520000
275000
450000
470000
510000
610000
355000
380000
330000
520000
525000
250000
620000
489000
195000
239000
355000
500550
350000
357000
445000
665000
420000
555000
330000
365000
420000
560000
410000
530000
665000
290000
527999
539999
297000
387000
750000
330000
330000
550000
500000
1380000
1550000
1920000
420000
415000
549000
285999
320000
220000
550000
550000
550000
550000
550000
919999
1495000
719900
680000
585000
630000
1025000
625000
1479000
830000
505000
480000
525000
535000
950000
595000
439000
280000
542500
650000
305000
290000
265000
329000
320000
355000
520000
545000
600000
425000
445000
195000
235000
250000
585000
470000
739500
330000
305000
440000
470000
238000
265000
470000
799000
275000
734000
357000
365000
290000
270000
370000
365000
240000
700000
290000
435500
780000
355000
1450000
570000
615000
435000
1520000
189900
425000
445000
610000
589000
449900
652000
539900
1079000
648000
236000
340000
835000
1269000
239000
425000
849000
313500
365000
267500
865000
895000
920000
513000
480000
1060000
565000
1110000
699000
705000
420000
300000
390000
340000
505000
300000
1565000
280000
1550000
1569000
410000
335000
290000
588000
300000
315000
370000
1430000
435000
485000
397000
265000
330000
300000
628000
290000
335000
490000
325000
480000
265000
320000
835000
358500
634000
1180000
210000
245000
295000
465000
465000
449000
375000
810000
425000
652500
329999
595000
1082900
310000
520000
335900
669000
392500
677000
225000
225000
755000
605000
1120000
429000
295000
1035000
355000
729000
520000
832000
1209950
220000
550000
340000
1175000
365000
485000
789000
749000
630000
475000
395000
345047
1080000
904501
659000
858000
1150000
630000
465000
175000
697500
455000
460000
589000
930000
592850
150000
1277000
200000
475000
754000
889000
475000
455000
460000
315000
337000
690000
515000
1059000
309000
365000
730000
930000
455000
279000
340000
192000
485000
330000
369000
133000
435000
450000
638000
415000
375000
447500
165000
195000
465000
625000
715000
360000
225000
985000
755000
210000
365000
149000
525000
270000
220000
666000
357500
1050000
315000
295000
1198000
865000
538000
499000
195000
275000
155000
930000
1085000
560000
427000
695000
910000
575000
435000
610000
1260000
965000
327500
668000
815000
1379000
725000
325000
280000
270000
415000
650000
1450000
1169950
257500
805000
279000
435000
659000
265000
385000
1410000
625000
548000
689900
535000
710000
530000
335000
538000
125000
858000
350000
1329000
475000
950000
170000
225000
653000
609000
385000
660000
285000
430000
400000
255000
435000
1125000
630000
275000
330000
630000
200000
300000
848000
455000
365000
435000
340000
885000
68700
590000
252500
595000
425000
265000
220000
203000
152500
149000
659000
765000
765000
610000
430000
410000
495000
640000
232500
975000
655000
165000
145000
215000
905000
1019000
278000
175000
550000
770000
789000
238000
343000
395000
1270000
345000
475000
340000
400000
300000
514900
729000
510000
610000
575000
185000
865000
460000
205000
325000
850000
145000
260000
895000
3010000
820000
400000
410000
299000
155000
175000
420000
280000
550000
635000
340000
465000
565000
525000
415000
1275000
1210000
143000
350000
550000
340000
550000
265000
350000
605000
480000
375000
730000
319950
580000
623000
350000
310000
410000
155000
435000
470000
750000
409500
630000
325000
650000
315000
170000
375000
310000
308000
365000
345000
230000
645000
150000
385000
308000
565000
710000
160000
350000
355000
380000
215000
680000
254999
590000
385000
345000
310000
140000
300000
195000
410000
380000
720000
175000
450000
700000
390000
719000
445000
400000
592000
388000
425000
480000
690000
440000
300000
530000
536000
348000
392000
580000
537500
750000
193500
275000
310000
445000
170000
589999
160000
190000
625000
470000
239000
550000
545000
255000
585000
399999
245000
290000
230000
198000
525000
270000
418000
455000
378000
235000
385000
295000
445000
125000
239000
375000
105000
558000
230000
250000
255000
460000
260000
352500
280000
740000
130000
360000
380000
180000
410000
580000
695000
388000
385000
600000
350000
470000
300000
180000
610000
320000
370000
225000
415000
530000
240000
250000
590000
490000
315000
720000
230000
650000
418000
435000
626000
580000
365000
698000
140000
680000
400000
220000
360000
360000
350000
220000
550000
430000
315000
220000
200000
305000
530000
600000
255000
175000
223000
375000
450000
400000
287500
389000
230000
415000
430000
405000
705000
350000
505000
400000
175000
160000
410000
365000
325000
215000
160000
735000
650000
629999
370000
295000
181000
545000
560000
215000
639500
475000
350000
225000
615000
280000
377000
605000
735000
395000
315000
142000
495000
140000
280000
359999
485000
210000
486650
640000
395000
175000
340000
365000
400000
410000
590000
145000
725000
480000
560000
515000
320000
288000
100000
245000
320000
535000
175000
220000
380000
255000
140000
168000
530000
275000
620000
145000
330000
360000
190000
385000
735000
229000
380000
440000
208000
380000
395000
245000
155500
450000
640000
345000
225000
710000
190000
405000
225000
294999
525000
395000
225000
435000
150000
580000
380000
215000
310000
500000
490000
175000
699000
605000
162500
336000
331500
225000
485500
755000
299000
622000
170000
225000
460000
140000
333000
505000
445000
435000
445000
180000
450000
337500
480000
255000
400000
260000
610000
160000
620000
235000
269000
500000
669000
475000
165000
165000
385000
285000
590000
595000
670000
180000
430000
660000
249750
385000
555000
693000
340000
425000
500000
400000
245000
239000
147000
195000
400000
370000
380000
338000
150000
195000
320000
190000
530000
395000
360000
275000
385000
485000
355000
665000
302000
150000
295000
380000
125000
307500
450000
295000
655000
465000
190000
370000
40000
570000
645000
550000
375000
248000
215000
750000
230000
675000
530000
340000
150000
145000
687250
410000
450000
160000
335000
250000
390000
679000
130000
448000
260000
650000
500000
575000
535000
145000
535000
610000
465000
218000
530000
689000
250000
160000
295000
625000
430000
180000
650000
593000
390000
625000
430000
440000
295000
435000
425000
870000
455000
460000
425000
845000
1100000
360000
320000
475500
170000
335000
165000
220000
135000
280000
499000
480000
615000
795000
165000
507000
370000
400000
368000
705000
345000
340000
935000
635000
805000
980000
290000
925000
460000
630000
835000
265000
955000
549000
165000
189750
465000
215000
795000
510000
615000
295000
720000
375000
347000
747000
350000
810000
310000
240000
510000
480000
435000
810000
535000
445000
210000
240000
555000
195000
475000
325000
550000
475000
305000
565000
455000
180000
685000
430000
210000
730000
320000
450000
610000
220000
832000
1239000
515000
365047
275000
450000
1085000
360000
1230000
370000
850000
1195000
500000
1420000
275000
223000
485000
1169000
400000
1449999
725000
765000
530000
749000
890000
789000
754000
750000
1399000
600000
505000
255000
489900
768500
605000
700000
365000
445000
705000
460000
858000
255000
815000
580000
415000
440000
1160000
557000
510000
698000
415000
742500
350000
340000
650000
380000
690000
400000
700000
600000
470000
446000
305000
490000
730000
589000
365000
315000
550000
350000
330000
500000
370000
465000
440000
515000
620000
620000
710000
550000
470000
455000
545000
455000
350000
255000
380000
750000
305000
502500
215000
515000
175000
215000
550000
350000
480000
375000
350000
355000
650000
320000
760000
585000
450000
380000
500000
385000
310000
525000
485000
560000
585000
385000
280000
500000
345000
365000
240000
435000
380000
725000
648000
585000
258000
430000
580000
350000
275000
615000
390000
265000
727500
540000
540000
274500
665000
580000
549000
795000
640000
349999
579000
720000
990000
1680000
740000
580000
1105900
1395000
1239000
348000
1179000
1349058
785000
1590000
320000
755000
485000
1075000
1280000
1205000
387500
1249750
580000
813500
549750
1125000
815000
395000
270000
365000
320000
895000
587000
370000
565000
545000
1265000
1030000
1400000
775000
775000
560000
570000
500000
285000
775000
520000
395000
1310000
265000
697500
400000
280000
550000
520000
630000
760000
725000
1400000
940000
1600000
665000
799000
1125000
810000
300000
495000
580000
349999
815000
1430000
390000
445000
760000
590000
570000
400000
380000
625000
320000
405000
839000
260000
620000
765000
235500
355000
360000
245000
670000
450000
710000
270000
470000
580000
1400000
400000
295000
300000
760000
895000
880000
604000
360000
510000
580000
725000
1099000
790000
950000
1045000
975000
1220000
540000
375000
770000
1250000
1155000
720000
1430000
1250000
1320000
1335000
1450000
1425000
520000
367000
415000
455000
720000
950000
350000
1420000
1198000
1095000
1095000
1399000
1169000
1175000
1265000
1045000
980000
1315750
1380000
1119000
685000
620000
790000
1195000
687500
545000
1060000
1139000
445000
500000
895000
770000
835000
520000
937000
285000
370000
465000
324999
350000
329000
350000
249000
684500
1259000
287000
285000
358999
725000
575000
590000
1080000
1330000
875000
675000
255000
1505000
1135000
570000
1545000
700000
675000
745000
940000
1215000
417000
840000
685000
780000
790000
790000
270000
1185850
1369000
795000
845000
540000
1219000
335000
280000
690750
1045000
799500
1265000
1169000
1335000
1125000
1550000
1479000
1235000
1265000
1335000
730000
339900
720000
610000
687500
800000
650000
818500
830000
825000
805000
1249000
860000
840000
837000
1065000
1149000
850000
850000
1235000
1189000
850000
499000
199750
400000
339000
965000
625000
485000
503000
435000
819000
1824750
1215000
539999
699999
788000
390000
655000
770000
1100000
460000
415000
750000
310000
310000
770000
740000
770000
750000
675000
765000
775000
765000
770000
770000
579000
730000
267000
750000
720000
850000
722000
785000
817000
2325000
1525000
850000
930000
585000
755000
599000
845000
860000
755000
805000
765000
1255000
975000
625000
713000
389000
730000
275000
700000
700000
1275000
260000
285000
1050000
485000
569000
435000
595000
505000
465000
490000
540000
320000
230000
365000
540000
725000
280000
525000
439000
280000
200000
545000
630000
337000
285000
435000
565000
555000
685000
310000
230000
340000
210000
685000
390000
405000
325000
310000
820000
690000
585000
310000
430000
375000
440000
630000
575000
430000
260000
260000
485000
395000
250000
405000
580000
245000
578500
690000
625000
360000
525000
485000
665000
570000
210000
280000
585000
420000
220000
555555
635000
460000
240000
635000
239000
495000
225000
310000
225000
460000
628000
510000
520000
300000
330000
520000
560000
425000
630000
210000
450000
350000
520000
435000
360000
445008
510000
285000
495000
755000
300000
355000
450000
615000
275000
300000
330000
490000
450000
410000
645000
520000
350000
450000
522000
520000
560000
645000
420000
445000
470000
750000
750000
510000
699999
280000
350000
507000
760000
595000
230000
750000
520000
550000
650000
250000
570000
600000
750000
585000
695000
420000
308000
395000
335000
525000
575000
370000
735000
949000
560000
695000
369900
660000
725000
515000
555000
1469000
850000
455000
600000
440000
660000
1090000
1480000
1090000
770000
835000
715000
530000
480000
670000
520000
480000
1635000
215000
1340000
668000
280000
440000
435000
955000
840000
499000
399000
320000
800000
539000
300000
405000
910000
467500
750000
650000
530000
1000000
615000
1180000
1195000
260000
880000
650000
480000
880000
730000
849000
300000
975000
398500
859950
610000
210000
870000
547500
410000
395000
810000
1350000
550000
435000
660000
565000
770000
395000
680000
335000
411000
655000
570000
740000
755000
285000
1180000
405000
975000
765000
330000
400000
520600
170000
890000
350000
500000
925000
1200000
621500
615000
585000
930000
410000
725000
939000
948000
970000
305000
1095000
575500
320000
760000
550000
600000
270000
220000
1000000
725000
1265000
1180000
1150000
550000
1125000
1240000
1289000
1375000
400000
1565000
1200000
1275000
1270000
1460000
1690000
554900
2100000
315000
569000
729500
675000
420000
930000
640000
1350000
395000
1169000
1399000
1249900
1355000
580000
1565000
1212000
1199900
1059000
1579000
1058750
1060000
2110000
1250000
1635000
1175000
1189950
1174000
1370000
1969000
1270000
985000
1685000
1290000
1320000
1550000
1500000
1330000
2410000
1105000
625000
1575000
1259000
1520000
915000
1399000
1185000
645000
800000
935000
900000
785000
725450
625000
805000
830000
727000
1105000
1015000
1475000
799000
625000
1350000
720000
985000
925000
1220000
787000
1145000
760000
690000
779000
1115000
1165000
525000
970000
1380000
1315000
600000
525000
580000
545000
515000
1590000
385000
499000
745000
410000
515000
724750
515000
575000
1049999
845000
480000
799999
545000
1700000
1095000
435000
870000
480000
300000
364900
485000
285000
368000
368000
320000
375750
540999
719900
265900
540000
560000
1499000
615000
545000
1375000
644000
784900
750000
750000
949900
349000
917500
1665000
1600000
838000
580000
627500
365000
1738200
537000
360000
240000
700000
295000
265000
885000
800000
825000
510000
900000
1090000
1285000
1200000
640000
1120000
1050000
760000
935000
780000
1110000
895000
915000
775000
195000
515000
235000
649000
1125000
1285000
785000
630000
915000
557900
565000
1890000
850000
479000
1045000
700000
445000
1745000
1396750
745000
1499000
1410000
680000
905000
739900
1175000
890000
1310000
685000
500000
425000
595000
2220000
575000
839000
450000
1065000
373500
620000
719900
1170000
300000
1095000
330000
935000
1180000
875000
419000
215000
300000
419000
1670000
819000
899000
775000
130000
425000
975000
550000
149500
420000
390000
490000
285000
599999
270000
385900
265000
464500
5395000
950000
789000
411000
137500
880000
425000
369900
545000
755000
1350000
290000
775000
560000
275000
350000
385650
1395000
1390000
175000
1089000
820000
190000
180000
932500
815000
740000
460000
750000
259000
1325000
480000
179999
745000
578000
675000
650000
2280000
725000
715000
1154900
1104900
340000
615000
690000
424000
615000
430000
310000
275000
200000
505000
525000
535000
300000
290000
335000
1840000
410000
975000
2650000
545000
3550000
555000
595000
2750000
1737000
817500
545000
585000
349999
839000
890000
478750
4519900
3700000
1790000
1265000
349000
535000
435000
860000
1068000
880000
375000
1000000
820000
1705000
458000
351000
664500
655400
565450
1275000
929000
419000
700000
368000
1530000
268500
1930000
1520000
759999
259000
315000
450000
305000
210000
895000
1750000
845000
338500
465000
1050000
315000
1390000
385000
750000
565000
1550000
1975000
1098000
1277500
3660000
750000
485000
265000
719500
830000
1120000
1495000
595000
689500
440000
1175000
335000
1095000
3525000
695000
499999
155000
950000
555000
1220000
1349000
760000
795000
1040000
939000
895000
653000
1095000
875000
739000
2390000
1285000
895000
855000
195000
259500
1150000
328000
395000
705000
525000
335000
1565000
350000
1510000
978000
585000
355000
705000
385000
885000
480000
565000
765000
365000
1660000
270000
350000
627500
515000
395000
620000
360000
409000
368000
470000
670000
750000
1175000
385000
490000
295000
465000
599999
885000
795000
549500
340000
465000
888000
715000
525000
1750000
325000
849900
835000
275000
1180000
845000
539000
1419000
395000
335000
845000
45000
655750
857500
1199000
430000
1200000
525000
132000
295000
1169000
1045000
517500
665000
1125000
1218000
825000
600000
539000
118000
298000
339000
246000
235000
755000
450000
875000
510000
635000
445000
496000
437000
229000
779000
645000
660000
240000
145000
165000
1910000
292000
310000
825000
675000
695000
549900
1810000
300000
525000
245000
605000
575000
1100000
395000
1418000
807000
690000
565000
685000
535000
705000
1650000
1520000
1868000
675000
2010000
745000
595000
720000
430000
1495000
125000
685000
470000
910000
435000
499000
570000
1525000
1345000
1135000
776000
1065000
365000
905000
470000
1100000
1050000
940000
525000
295000
1015000
330000
840000
414000
350000
460000
1450000
335000
810000
230000
975000
190000
690000
665000
595000
530000
945000
625000
430000
580000
1730000
935000
920000
205000
230000
580000
675000
265000
920000
930000
180000
185000
950000
950000
945000
950000
305000
620000
239500
412500
295000
300000
310000
790000
240000
711000
740000
845000
655000
560000
435500
550000
220000
575000
300000
450000
215000
535000
3550000
1550000
310000
599000
720000
60000
450000
500058
990000
460000
545000
729900
1065000
1550000
660000
930000
420000
210000
540000
875000
350000
410000
710000
550000
635000
340000
270000
285000
230000
844000
890000
450000
789040
510000
260000
525000
300000
685000
300000
380000
319000
670000
220000
365000
907500
435000
749000
1530000
950000
610000
370000
168000
576000
575000
980000
1550000
1240000
485000
729000
430000
690000
590000
600000
210000
1600000
210000
368000
489000
405000
320000
560000
765000
450000
780000
300000
800000
830000
695000
400000
430000
675000
158000
330000
960000
141999
1500000
470000
1280000
985040
350000
1240000
500000
935000
740000
1299000
6850000
1585000
1285000
1175000
635000
320000
435000
260000
600000
430000
550000
355000
930000
499000
775000
445000
365000
1640000
440000
439000
740000
850000
1040000
975000
975000
975000
500000
980000
990000
425000
1060000
599000
970000
990000
990000
400000
205000
525000
190000
145000
910000
1050000
1012000
1000000
1050000
265000
640000
1030000
650000
315000
1065000
1310000
430000
600053
447499
700000
365000
780000
165000
625000
135000
987500
1915000
1470000
1065000
1075000
225000
299000
350000
175000
553000
627500
1300000
140000
370000
1150000
1100000
1050000
1050000
540000
1410000
475000
345000
1275000
1100000
240000
399000
575000
335000
440000
125000
815000
695000
330000
163000
365000
365000
1100000
80000
1300000
1000000
380000
425000
1100000
320000
465000
100000
330000
680000
630000
815000
369500
625000
525000
260000
755000
430000
1230000
1120000
1110000
775000
285000
185000
215000
645000
350000
350000
865000
310000
425000
850000
200000
561000
660000
262000
685000
665000
574750
1270000
1299000
1950000
800000
1645000
1450000
2150000
487500
595750
733000
225000
410000
560000
1179000
1189900
1140000
1135000
680000
1150000
1365000
487500
1265000
949000
660000
315000
459750
424500
349750
399750
390000
128500
520000
520000
410000
660000
349000
550000
1260000
695000
2590000
1249999
795000
300000
910000
625000
325000
2085000
584000
495000
870000
999999
1069000
1198750
620000
175000
3750000
684000
1085000
285000
690000
5290000
1829000
2740000
819000
495000
450000
380000
1100000
345000
800000
350000
625000
820000
177000
685000
725000
1000000
215000
369950
770000
355500
299999
520000
210000
1099000
489950
1190000
707000
687500
819000
350000
970000
150000
365000
1295000
2245750
122000
126000
795000
1845000
140000
465000
1070000
145000
829950
890000
749000
825000
580000
450000
230000
285000
380000
1198000
725000
438500
675000
645000
570000
955000
320000
1290000
499000
1299000
355000
675000
875000
295000
235000
185000
645000
850000
1110000
749000
620000
1020000
965000
1445000
540000
279000
450000
355000
375000
220000