1750000
1600000
990000
1450000
11750000
1125000
1799999
1489900
7270000
4600000
3274950
400000
375000
720000
1200000
1350000
630000
770000
900000
1225000
910000
868950
460000
2544000
825000
1329000
1355000
799900
1815000
1240000
345000
780000
3355000
794000
2295000
1195000
1165000
4990000
4735000
1925000
2069000
934750
4250000
1260000
1290000
2625000
4990000
850000
929900
1814950
1725000
1015000
1110000
1120000
1244444
990000
1250000
1350000
355000
725000
1000000
3350000
2210000
1297000
3275000
1425000
4875000
1199750
1185000
1090000
1769900
1030000
1980000
17450000
339500
855000
1447500
1510000
1128000
1550000
939000
900000
1875000
1120000
2765000
1149000
2169000
2375000
2485000
2040000
1096500
1560000
3795000
658000
2299750
1275000
3350000
2625000
1825000
4225000
2245000
3495000
1405000
1097000
865000
4575000
520000
895000
965000
1110000
999000
1720000
925000
1450000
753500
1199000
3599950
1249000
1635000
1275000
1265000
1415000
909000
3249000
1749000
1450000
1279500
935000
1369900
1969900
1169000
1030000
2050000
685000
1325000
2129000
850000
780000
700000
395000
455000
358000
660000
390000
230000
700000
3350000
1760000
990000
1525000
1959750
2165000
1420000
3765000
765000
1375000
800000
1499000
1490000
1187500
450000
890000
4190000
2525000
305000
1920000
1190000
3250000
5495000
995000
1355000
2296000
2415000
1445000
3199000
775000
5650000
1545000
398500
1499000
2915000
775000
1545000
2725000
5500000
355000
2525000
1400000
650000
875900
2349000
998000
1250000
1235000
5750000
1750000
1175000
1532900
1830000
1080000
1068750
4935000
3419750
715000
1050000
200000
395000
1550000
1375000
1385000
1350000
1567900
2025000
2325000
1475000
2250000
2775000
1660000
4775000
3165000
2090000
949000
3449950
1570000
2925000
5450000
1470000
1349000
839000
695000
1249000
1619000
1849000
2499500
1750000
1275000
3325000
889500
765000
2650000
850000
5295000
1249000
2250000
3150000
2198750
8400000
2285000
749000
1399000
2650000
2300000
1685000
1140000
735000
189000
265000
729000
619950
550000
760000
475000
425000
735000
650000
710000
180000
495000
809900
750000
509000
435000
260000
275000
795000
489000
295000
285000
804750
717500
758750
315000
165000
200000
390000
425000
545000
415000
300000
490000
1100000
297000
450000
879000
395000
530000
425000
115000
240000
765000
765000
965000
460000
575000
730000
215000
750000
330000
410000
700000
360000
650000
250000
345000
445000
680000
665000
370000
250000
255000
450000
630000
456000
630000
575000
330000
310000
635000
485000
315000
420000
280000
560000
445000
565000
187000
275000
240000
709000
190000
315000
745000
225000
290000
460000
260000
420000
270000
395000
463000
670000
275000
435000
680000
636000
415000
795000
275000
455000
407500
200000
425000
350000
665000
360000
365000
960000
1190000
845000
589000
740000
1085000
880000
360000
595000
650000
1548950
885000
760000
475000
450000
610000
550000
430000
535000
540000
470000
730000
310000
725000
533500
220000
715000
555000
750000
320000
425000
333000
390000
580000
640000
530000
315000
460000
260000
310000
475000
170000
205000
630000
630000
250000
650000
430000
660000
395000
525000
535000
750000
350000
1075000
235000
430000
388000
330000
319000
564750
327500
525000
780000
950000
120000
635000
520000
770000
249000
720000
619000
336750
400000
380000
175000
300000
372200
710000
389999
430000
317000
590000
418000
460000
300000
520000
510000
345000
280000
380000
360000
415000
465000
325000
549000
600000
650000
380000
335000
295000
300000
260000
668000
210000
515000
426500
510000
510000
415000
410000
560000
595000
550000
770000
355000
765000
425000
505000
630000
385000
585000
490000
440000
1750000
755000
619950
845000
520000
600000
760000
620000
310000
500000
535000
409000
415000
485000
665000
759999
758500
999000
605000
465000
410000
659750
550000
1020000
1215000
525000
1345000
300000
269950
380000
1045000
1120000
645000
520000
485000
430000
549000
620000
590000
625000
655000
195000
470000
445000
685000
705000
335000
637500
389000
725000
500000
615000
750000
680000
730000
490000
715000
665000
390000
700000
600000
649000
600000
470000
299000
209000
580000
540000
630000
599000
395000
530000
270000
550000
630000
390000
670000
420000
785000
415000
550000
499000
520000
159000
880000
780000
835000
315000
465000
680000
485000
812500
580000
650000
575500
985000
1460000
225000
635000
229000
460000
1419000
365000
295000
510000
500000
280000
540000
405000
720000
225000
360000
615000
445000
570000
495000
600000
415000
475000
590000
280000
235000
335000
385000
258000
450000
492000
455000
749990
1489000
398000
425000
299000
685000
845000
360000
1259950
240000
390000
515000
765000
450000
320000
430000
655000
360000
605000
465000
414500
330000
325000
480000
354000
635000
355000
990000
240000
525000
536950
240000
268500
280000
260000
1325000
465000
195000
1457750
349000
457500
409750
989000
385000
580000
695000
1350000
600000
835000
575000
560750
320000
700000
350000
465000
994750
1488950
497000
410000
779000
275000
715000
810000
1295000
450000
365000
425000
899750
600000
605000
525000
1660000
355000
1065000
1025000
695000
680000
472500
390000
375000
365000
685000
658000
869000
1000000
245000
440000
729000
885000
710000
907500
1250000
989000
640000
714750
1425000
480000
705750
1055000
510000
570000
845000
794850
285000
1190000
879000
1180000
245000
550000
537750
560000
205000
590000
180000
739000
650000
360000
680000
785000
565000
490000
615000
260000
465000
420000
120000
399000
1120000
599900
680000
525000
510000
698000
314999
730000
430000
475000
395000
245000
740000
616000
350000
330000
560000
550000
440000
170000
525750
340000
560000
425000
690000
500000
610000
415000
642000
665000
710000
615000
230000
235000
430000
435000
375000
595000
250000
695000
285000
590000
92000
330000
420000
580000
620000
180000
729000
680000
565000
335000
180000
375000
360000
455000
730000
590000
315000
278000
680000
310000
400000
260000
440000
575000
410000
325000
380000
615000
290000
185000
625000
573000
315000
532000
400000
215000
724000
229000
460000
628000
490000
530000
400000
580000
330000
395000
515000
240000
460000
175000
845000
490000
438000
860000
588000
375000
829500
975000
1127750
875000
1250000
1089999
805000
900000
515000
415000
175000
1320000
948888
1310000
840000
655000
460000
785000
430000
385000
750000
495000
692000
525000
515000
330000
450000
520000
699999
390000
370000
725000
465000
583000
695000
270000
260000
550000
699000
710000
550000
395000
519000
610000
1045000
979000
1560000
1160000
1190000
1415000
1344950
505000
580000
490000
365000
641000
650000
360000
440000
795000
820000
1220000
629998
629997
870000
890000
1010000
760000
705000
1030000
1045000
495000
1330000
1230000
1225000
865000
1338750
1119000
985000
530000
1125000
845000
615000
459000
774750
760000
1225000
780000
785000
899000
1160000
844650
795000
1075000
1079950
1295000
1289000
1069950
679000
1240000
639000
700000
1400000
1100000
485000
1165000
755000
780000
1050000
669000
955000
320500
995000
1200000
585000
1380000
885000
670000
730000
535000
395000
550000
490000
635000
530000
680000
540000
550000
529000
725000
521500
530000
610000
750000
440000
450000
260000
730000
629000
650000
570000
380000
275000
260000
745000
695000
915000
930000
359000
545000
1745000
475000
500000
1100000
525000
865000
1200000
860000
489000
450000
650000
1059000
570000
710000
565000
430000
1000000
850000
1200000
1190000
1280000
1685000
1250000
1870000
629000
920000
1315000
1674950
1385000
2265000
2250000
1099000
1090000
1759000
2200000
1555000
884000
1409900
1499900
1075000
1030000
1250000
919000
725000
1619500
1170000
925000
745000
925000
1045000
1040000
1350000
555000
655000
1035000
810000
619000
735000
1380000
615000
840000
1300000
512750
540000
550000
760000
869000
1215000
720000
979000
875000
1350000
1179950
535000
275900
1125000
889500
980000
740000
705000
1650000
965000
799000
1085000
1300000
629000
650000
545000
865000
830000
1000000
775000
407500
325000
2557000
389000
1169000
789750
1450000
895000
1210000
1575650
699000
587000
913650
1549000
762000
660000
625000
845000
739000
1109000
454000
915000
375000
760000
755000
1137000
1033000
1129000
597000
1243000
1329000
1192000
859000
529650
375000
280000
505950
598000
669000
359000
350000
625000
388880
737500
1200000
649000
780000
1549000
1225000
1199999
1200000
310000
750000
959000
755750
820000
435000
1090000
189500
859000
327500
265000
875000
435000
199900
325000
369000
845000
4264000
325750
470000
855000
545000
630000
445000
365750
454900
1182500
208000
715000
1149000
887500
225750
368000
578000
1235000
688000
349750
375000
689000
829000
579000
1579000
420000
230000
459000
555000
945000
299000
350000
575000
575000
3155000
454000
870000
200000
1585000
950000
850000
935000
415000
1200000
529000
455000
607500
995000
165000
170000
355000
460000
720000
910000
1475000
470000
800000
1200000
1669500
849500
1340000
730000
2300000
900000
605000
250000
325000
1400000
1205000
455000
1275000
885000
1065000
695000
920000
310000
370000
838000
1329000
1549000
1029000
330000
1069000
1799000
239000
1399000
1239000
349000
615000
279000
1599000
1199000
1119000
2259000
1449000
1479000
719750
820000
999999
980000
520000
1100000
525000
1175000
320000
755000
1375000
1075000
630000
495000
810000
547000
435000
980000
530000
1010000
1515000
1739000
870000
485000
1580000
985750
1396000
829000
709000
8690000
4290000
29500000
2889000
6990000
3289000
9890000
1999000
2429000
5890000
5750000
7990000
5390000
5590000
2390000
2999000
2190000
4890000
5890000
12000000
1019000
1119000
4089000
1289000
5590000
3489000
1789000
1150000
3990000
38000000
2059000
2619000
1159000
5529000
22000000
11900000
38500000
3389000
5390000
15290000
2250000
6590000
3690000
1889000
869000
2190000
2469000
12950000
1989000
1189000
3890000
3269000
3890000
3289000
5990000
11290000
16800000
2769000
6989000
286321
450321
291321
244321
1148321
239321
529321
415000
889000
715000
769000
895000
855000
1335000
825000
228750
340000
635000
250000
500000
705000
415000
360000
2525000
515000
525000
1010000
315000
345000
765000
1826750
1592750
3726000
266500
413500
1190000
575000
750000
440000
655000
360000
770000